1.99999999999936
-1.07860162957175e-12
-1.12636815194768e-13
-2.05461802200141e-14
2.59981127351687
-4.76314615940936
3.05210990661143
-0.659812453031176
4.50000000000017
9.11332416964121e-14
-1.60179629250125e-14
4.37306655373440e-14
0.184300616996189
0.564166716648450
-0.625022330802889
0.157720766906622
1.57080000000050
5.90325298858021e-13
-2.03582874771562e-13
1.41599076568220e-13
-0.484143474985688
-0.920081844426613
1.25064187756544
-0.356035675920913
2.29020000000254
0.369313427742377
0.635766899964028
1.48417180533445
0.284036887901367
-4.82758497888022
2.37152129400983
0.0448584448874115
4.99120000000011
1.08983976252068
0.121936439910958
-1.15427637200392
-0.464417256643100
0.858834772106615
0.706467526491772
-0.796158771397928
0.726400000000002
-1.65296052280875
0.245051810678079
1.79628799642538
0.578598855809953
-10.3844412526109
17.0948652968473
-7.41320615948277
2.54649999999990
1.12502493183520
0.860001601175684
-2.00450583286685
-4.75075931593475
6.17903587492139
3.71944887779875
-4.89732431511756
5.33790000000001
0.743864118518912
-0.995302629700961
-0.555671437256178
3.89876777602804
-7.11141036860690
6.74466004710588
-2.60694654199696
0.233599999999773
-1.05338461427402
1.13833481616233
0.672314981298697
0.242422689092483
-5.83548669073833
7.34896114466036
-2.75215916344750